# working 1920x1080
0x30: 54 49 02 68 B1 00 00 00 00 00 BF D0 40 07 FE 00 12 A0 00 00 00 00 88 80 A0 80 00 00 00 08 00 00
0xB8: 00 40 C8 00 00 00 00 FF FF FF FF FF 88 FF 04 30 00 FF 00 00 00 00 00 00 00 00 00 00 00 00 00 01
0xC9: 54 49 02 68 B1 00 00 00 00 00 BF D0 40 07 FE 00 12 A0 00 00 00 00 88 80 A0 80 00 00 00 08 00 00
0xD0: 00 00 00 00 00 00 00 00 00 00 00 00 00 00 00 00 00 00 00 00 00 00 00 00 00 00 00 00 00 00 00 00

# working; 4k
0x30: 54 49 02 68 B1 00 00 00 00 00 BF D0 40 07 FE 00 12 A0 00 00 00 00 88 80 A0 80 00 00 00 08 00 00
0xB8: 00 40 C8 00 00 00 00 FF FF FF FF FF 88 FF 04 30 00 FF 00 00 00 00 00 00 00 00 00 00 00 00 00 01
0xC9: 54 49 02 68 B1 00 00 00 00 00 BF D0 40 07 FE 00 12 A0 00 00 00 00 88 80 A0 80 00 00 00 08 00 00
0xD0: 00 00 00 00 00 00 00 00 00 00 00 00 00 00 00 00 00 00 00 00 00 00 00 00 00 00 00 00 00 00 00 00                                                                                                                           ✔  7469  02:22:37

# non working; micro hdmi 1920p
0x30: 54 49 02 68 B1 00 00 00 00 00 3D 50 40 07 FE 00 12 A0 00 00 00 00 88 80 A0 80 00 00 00 08 00 00
0xb8: 00 40 C8 00 00 00 00 FF FF FF FF FF 88 FF 04 30 00 FF 00 00 00 00 00 00 00 00 00 00 00 00 00 01
0xc9: 54 49 02 68 B1 00 00 00 00 00 3D 50 40 07 FE 00 12 A0 00 00 00 00 88 80 A0 80 00 00 00 08 00 00
0xd0: 00 00 00 00 00 00 00 00 00 00 00 00 00 00 00 00 00 00 00 00 00 00 00 00 00 00 00 00 00 00 00 00

