251953
256017
260214
264411
264551
268818
269035
273673
278087
278474
283447
287274
287357
287605
288019
288601
292227
292398
292741
293256
293945
297354
297620
298063
298686
299491
302481
302664
303031
303583
304322
305251
307788
307882
308167
308642
309311
310174
311236
313284
313480
313874
314466
315259
316256
317461
318878
318980
319285
319796
320513
321441
322581
323940
324676
324887
325310
325946
326798
327869
329164
330579
330688
331017
331565
332337
333334
334561
336022
336701
336928
337382
338067
338984
340137
341531
343171
343407
343998
345066
345902
347223
348797
349407
349651
350141
350632
350878
351865
352734
353108
354610
355999
356126
356380
356507
357143
358038
358423
359196
360751
362319
362845
363109
363637
364299
364432
365498
366838
368460
369140
369960
370371
371058
372024
372579
373274
374813
375094
376648
377074
377359
377929
378788
379940
381389
383142
384025
384468
384616
385209
385803
387147
387597
388199
389864
390321
391850
392157
392465
393082
393392
394012
394167
395257
396826
398725
399841
400000
400161
401446
402577
403226
403552
404041
405845
406505
407001
408164
408497
409166
409837
410510
411523
413224
413394
413565
415283
416494
416667
417189
418061
419288
420522
420876
422833
423729
424449
425171
425532
426258
427351
427900
429001
431035
431407
432901
434783
435541
435730
435920
437063
438597
438789
440918
442087
443067
443263
443656
444445
445633
446031
446429
447228
448029
449843
450451
451672
452694
452899
453721
454546
455374
455997
458086
460194
460830
461681
462535
462963
463822
465117
465984
466201
466854
469044
469925
470810
471699
472814
473485
474159
474384
474609
474834
476191
478241
478469
478928
481001
482161
482626
483092
483559
483793
484262
484497
485909
487805
488759
490197
491401
492611
493097
493828
494072
494805
496032
496525
496771
497761
498505
500000
500501
501254
502766
504033
505051
505562
506073
506586
507100
508131
509944
510205
512033
512296
512821
513611
514404
515996
516529
516796
517599
518942
519481
519751
520292
520834
522467
523287
524110
525211
526316
528542
528821
529101
529662
529942
530223
531633
531915
534760
537635
538794
539084
540541
540833
541126
542006
543479
544663
545554
546449
546747
547346
548246
549451
550965
551572
553710
554324
554939
555556
556174
557414
558036
560225
561168
563064
564972
565292
565611
565931
566894
567215
568182
569801
572083
574713
575044
576702
578704
580721
581396
583091
584454
584796
585481
586511
588236
589623
591017
594884
595239
596303
597372
598087
600241
600601
600962
603865
604961
605327
606061
607165
607903
608643
609757
610501
611996
612746
614251
615764
617284
618430
620348
621119
625391
625783
626567
626960
627747
628536
628931
630518
631314
632512
634921
637756
638570
639387
641026
641849
643501
644746
645162
645995
649351
649773
650619
651042
651891
653595
655738
657463
657895
658328
658762
659196
661376
663130
664452
664894
666667
668450
672044
673401
673855
674764
676133
677507
677967
680273
683061
683995
686342
686814
688706
689656
690132
693001
694445
696865
698813
699301
700281
701263
701755
703730
704722
706215
709220
710228
711238
712251
712759
714286
716846
718391
721501
724638
725690
726217
726745
727273
728863
730461
730995
732601
733138
733676
735295
736920
739645
740741
744048
745157
749626
750188
750751
751880
754148
754717
755858
757576
759879
762777
766284
768050
769231
770417
771605
772201
773994
775194
776398
777001
780641
781250
783700
784314
784930
786164
786783
788023
790514
794913
797449
800000
801925
805153
806452
807103
811689
813009
816327
816994
818331
819001
819673
821019
822369
823046
826447
827130
830565
833334
836121
840337
841043
841751
844595
847458
848897
850341
851064
852515
854701
857633
862069
862813
865801
869566
871081
871840
874126
877193
884174
886525
887312
888889
891266
892061
892858
894455
896058
898473
900901
903343
905798
907442
909091
910747
915751
918274
919118
921659
923362
925070
925926
927644
930233
931967
933707
938087
939850
941620
943397
945180
946970
948767
949668
952381
956938
957855
961539
964321
965251
966184
967118
968993
971818
975610
977518
980393
985222
986194
988143
993049
997009
1001001
1008065
1010101
1011123
1012146
1013172
1014199
1016261
1020409
1024591
1025642
1028807
1031992
1033058
1035197
1039502
1040583
1041667
1044933
1048219
1050421
1052632
1057083
1058202
1059323
1060446
1063830
1069519
1075269
1077587
1081082
1082252
1086957
1089325
1092897
1096492
1098902
1107420
1108648
1109878
1111112
1112348
1114828
1116072
1119821
1122335
1126127
1129944
1131222
1133787
1136364
1144165
1149426
1153403
1157408
1161441
1162791
1165502
1169591
1170961
1176471
1179246
1182034
1189061
1190477
1194744
1196173
1200481
1201924
1207730
1210654
1212122
1219513
1221002
1223991
1225491
1228502
1231528
1234568
1240695
1242237
1250000
1251565
1253133
1257862
1261035
1262627
1278773
1282052
1283698
1287002
1290323
1291990
1298702
1302084
1303781
1307190
1315790
1317524
1322752
1326260
1329788
1333334
1336899
1344087
1347709
1349528
1351352
1355014
1360545
1366121
1367990
1371743
1373627
1377411
1379311
1385042
1388889
1398602
1400561
1402525
1412430
1418440
1420455
1422476
1424502
1428572
1436782
1443002
1449276
1451379
1453489
1457726
1461989
1466276
1470589
1479290
1481482
1488096
1490313
1499251
1501502
1503760
1508296
1515152
1519757
1524391
1536099
1538462
1540833
1543210
1547988
1550388
1552796
1562500
1567399
1569859
1572328
1589826
1594897
1600000
1602565
1610306
1612904
1623377
1626017
1633987
1636662
1639345
1642037
1644737
1652893
1661130
1666667
1672241
1680673
1683502
1689190
1694916
1697793
1700681
1709402
1715266
1724138
1730104
1739131
1742161
1748252
1754386
1763669
1773050
1782532
1785715
1788909
1792115
1801802
1811595
1814883
1818182
1821494
1838236
1851852
1855288
1876173
1879700
1883240
1886793
1890360
1893940
1897534
1904762
1915709
1923077
1930502
1934236
1937985
1953125
1960785
1972387
1976285
1984127
2000000
2016130
2020202
2024292
2028398
2032521
2040817
2049181
2057614
2066116
2070394
2079003
2083334
2096437
2100841
2105264
2114165
2118645
2127660
2136753
2150538
2155173
2164503
2173914
2178650
2192983
2197803
2217295
2222223
2232143
2252253
2262444
2267574
2272728
2288330
2298851
2304148
2314815
2325582
2331003
2341921
2352942
2358491
2364067
2380953
2392345
2403847
2415459
2421308
2439025
2450981
2457003
2463055
2469136
2481390
2500000
2506266
2525253
2557545
2564103
2583980
2597403
2604167
2631579
2645503
2652520
2659575
2666667
2673797
2688173
2695418
2702703
2710028
2717392
2732241
2747253
2754821
2770084
2777778
2801121
2824859
2840910
2849003
2857143
2873564
2898551
2906977
2915452
2923977
2932552
2941177
2958580
2976191
3003003
3030303
3039514
3048781
3076924
3086420
3095976
3105591
3125000
3134797
3144655
3174604
3205129
3225807
3246754
3267974
3278689
3289474
3322260
3333334
3344482
3367004
3378379
3389831
3401361
3448276
3460208
3472223
3484321
3496504
3508772
3546100
3571429
3584230
3623189
3636364
3676471
3703704
3773585
3787879
3831418
3846154
3861004
3875969
3906250
3921569
3952570
3968254
4000000
4032259
4048583
4065041
4081633
4098361
4115227
4132232
4166667
4201681
4237289
4255320
4273505
4310345
4329005
4347827
4385965
4444445
4464286
4504505
4545455
4629630
4651163
4716982
4761905
4784689
4807693
4830918
4878049
4901961
4926109
5000000
5050505
5102041
5128206
5208334
5263158
5291006
5319149
5347594
5376345
5405406
5434783
5464481
5494506
5555556
5649718
5681819
5714286
5747127
5813954
5847954
5882353
5917160
5952381
6097561
6172840
6211181
6250000
6289309
6410257
6451613
6493507
6535948
6578948
6666667
6756757
6802722
6896552
6944445
6993007
7092199
7142858
7246377
7352942
7407408
7518797
7575758
7692308
7751938
7812500
7936508
8000000
8064517
8130082
8196722
8264463
8333334
8403362
8474577
8547009
8620690
8695653
8771930
8928572
9009009
9090909
9259260
9433963
9523810
9615385
9803922
10000000
10101010
10204082
10416667
10526316
10638298
10752689
10869566
10989011
11111111
11363637
11494253
11627907
11764706
11904762
12195122
12345679
12500000
12820513
12987013
13157895
13333334
13513514
13888889
14285715
14492754
14705883
15151515
15384616
15625000
15873016
16129033
16393443
16666667
16949153
17241380
17543860
17857143
18181818
18518519
18867925
19230770
19607843
20000000
20408164
20833334
21276596
21739131
22222222
22727273
23255814
23809524
24390244
25000000
25641026
26315790
27027027
27777778
28571429
29411765
30303030
31250000
32258065
33333333
34482759
35714286
37037037
38461539
40000000
41666667
43478261
45454545
47619048
50000000
52631579
55555555
58823529
62500000
66666666
71428571
76923077
83333333
90909090
99999999
111111110
124999999
142857142
166666665
199999998
249999998
333333330
499999995
